dim 100 100 100

putSphere 49 45 41 37 0.282 0.960 0.259 1.0
putSphere 49 50 59 20 0.9 1.0 1.0 0.7
putSphere 49 52 69 9 0.282 0.470 0.243 1.0
putSphere 49 52 74 4 0 0 0 1.0
putSphere 49 72 41 20 0.117 0.564 1.0 1.0
putBox 40 59 74 78 58 66 0.117 0.564 1.0 1.0
putSphere 49 80 56 6 0.9 1.0 1.0 0.7
putEllipsoid 23 65 49 5 10 5 0.960 0.960 0.862 1.0
putEllipsoid 75 65 49 5 10 5 0.960 0.960 0.862 1.0
putBox 36 62 23 37 71 75 0 0 0 1.0
putBox 34 36 29 39 73 75 0 0 0 1.0
putBox 62 64 29 39 73 75 0 0 0 1.0
cutBox 36 40 23 25 71 75 
cutBox 58 62 23 25 71 75 
putBox 40 58 23 25 73 75 0.960 0.960 0.862 1.0
putBox 42 44 25 27 73 75 0.960 0.960 0.862 1.0
putBox 48 50 25 27 73 75 0.960 0.960 0.862 1.0 
putBox 54 56 25 27 73 75 0.960 0.960 0.862 1.0
putBox 48 50 29 31 73 75 0.960 0.960 0.862 1.0
putBox 42 44 29 31 73 75 0.960 0.960 0.862 1.0 
putBox 40 44 31 33 73 75 0.960 0.960 0.862 1.0 
putBox 54 56 29 31 73 75 0.960 0.960 0.862 1.0 
putBox 54 58 31 33 73 75 0.960 0.960 0.862 1.0 
putBox 34 38 35 37 73 75 0.960 0.960 0.862 1.0 
putBox 34 36 37 39 73 75 0.960 0.960 0.862 1.0 
putBox 36 38 33 35 73 75 0.960 0.960 0.862 1.0
putBox 60 64 35 37 73 75 0.960 0.960 0.862 1.0
putBox 60 62 33 35 73 75 0.960 0.960 0.862 1.0 
putBox 62 64 37 39 73 75 0.960 0.960 0.862 1.0
putBox 36 40 25 27 73 75 0.960 0.960 0.862 1.0 
putBox 36 38 27 29 73 75 0.960 0.960 0.862 1.0 
putBox 58 62 25 27 73 75 0.960 0.960 0.862 1.0 
putBox 60 62 27 29 73 75 0.960 0.960 0.862 1.0
putBox 40 58 21 23 71 75 0.282 0.960 0.259 1.0
putBox 58 62 23 25 71 75 0.282 0.960 0.259 1.0
putBox 36 40 23 25 71 75 0.282 0.960 0.259 1.0
putBox 62 64 25 29 71 75 0.282 0.960 0.259 1.0
putBox 34 36 25 29 71 75 0.282 0.960 0.259 1.0
putBox 64 66 29 37 71 75 0.282 0.960 0.259 1.0
putBox 32 34 29 37 71 75 0.282 0.960 0.259 1.0

